-0.52
-0.09
0.07
-0.04
0.44
0.09
0.00
0.39
0.07
-0.05
0.02
-0.48
-0.08
0.06
-0.02
0.21
0.08
-0.06
0.03
-0.00
-0.08
0.06
-0.04
0.00
0.08
-0.06
0.04
-0.01
-0.08
0.07
-0.05
0.02
0.03
-0.07
0.05
-0.01
0.13
0.07
-0.05
0.01
-0.27
-0.07
0.05
-0.02
0.41
0.07
-0.06
0.02
-0.46
-0.08
0.06
-0.03
0.20
0.08
-0.06
0.03
0.00
-0.08
0.06
-0.04
0.00
0.08
-0.06
0.04
-0.01
-0.08
0.07
-0.05
0.01
0.03
-0.07
0.05
-0.01
0.12
0.07
-0.05
0.01
-0.26
-0.08
0.05
-0.02
0.41
0.07
-0.05
0.02
-0.45
-0.08
0.06
-0.03
0.16
0.08
-0.06
0.03
0.00
-0.08
0.06
-0.04
0.00
0.08
-0.06
0.04
-0.01
-0.08
0.07
-0.05
0.01
0.04
-0.06
0.05
-0.01
0.13
0.07
-0.05
0.02
-0.27
-0.07
0.05
-0.02
0.42
0.07
-0.05
0.03
-0.45
-0.08
0.06
-0.03
0.17
0.08
-0.06
0.03
-0.00
-0.08
0.06
-0.04
0.00
0.08
-0.06
0.04
-0.01
-0.08
0.07
-0.05
0.02
0.04
-0.07
0.05
-0.01
0.13
0.07
-0.05
0.01
-0.27
-0.07
0.05
-0.02
0.42
0.07
-0.05
0.03
-0.47
-0.08
0.06
-0.03
0.16
0.08
-0.06
0.03
0.00
-0.08
0.06
-0.04
0.00
0.08
-0.06
0.04
-0.01
-0.08
0.07
-0.05
0.01
0.05
-0.07
0.04
-0.02
0.12
0.07
-0.05
0.01
-0.25
-0.07
0.05
-0.02
0.41
0.07
-0.05
0.03
-0.46
-0.08
0.06
-0.02
0.14
0.08
-0.06
0.03
0.00
-0.08
0.06
-0.04
-0.00
0.08
-0.06
0.04
-0.01
-0.08
0.07
-0.05
0.01
0.05
-0.07
0.04
-0.01
0.12
0.07
-0.05
0.01
-0.26
-0.08
0.05
-0.02
0.41
0.07
-0.06
0.02
-0.46
-0.08
0.06
-0.03
0.17
0.08
-0.06
0.03
0.00
-0.08
0.06
-0.04
0.00
0.08
-0.06
0.04
-0.01
-0.08
0.06
-0.05
0.01
0.06
-0.07
0.05
-0.01
0.10
0.07
-0.05
0.01
-0.24
-0.07
0.05
-0.02
0.41
0.07
-0.05
0.03
-0.48
-0.07
0.06
-0.03
0.21
0.08
-0.06
0.03
-0.00
-0.08
0.06
-0.04
0.00
0.08
-0.06
0.04
-0.01
-0.08
0.06
-0.04
0.01
0.07
-0.07
0.04
-0.01
0.10
0.07
-0.05
0.01
-0.23
-0.07
0.05
-0.02
0.39
0.07
-0.05
0.02
-0.48
-0.08
0.06
-0.03
0.25
0.08
-0.06
0.03
-0.01
-0.09
0.06
-0.03
0.00
0.08
-0.06
0.04
-0.00
-0.08
0.07
-0.04
0.01
0.07
-0.07
0.04
-0.02
0.08
0.07
-0.05
0.01
-0.21
-0.07
0.05
-0.02
0.37
0.07
-0.05
0.02
-0.46
-0.08
0.06
-0.03
0.26
0.08
-0.06
0.03
-0.01
-0.08
0.06
-0.03
0.00
0.08
-0.06
0.04
-0.01
-0.08
0.07
-0.04
0.01
0.07
-0.07
0.05
-0.01
0.05
0.06
-0.05
0.01
-0.20
-0.07
0.05
-0.02
0.35
0.07
-0.05
0.02
-0.49
-0.08
0.06
-0.02
0.34
0.07
-0.06
0.03
-0.01
-0.08
0.06
-0.03
0.00
0.08
-0.06
0.04
-0.01
-0.08
0.06
-0.04
0.01
0.07
-0.07
0.04
-0.02
0.03
0.07
-0.05
0.01
-0.18
-0.07
0.05
-0.02
0.32
0.07
-0.05
0.02
-0.46
-0.08
0.05
-0.02
0.38
0.08
-0.06
0.03
-0.04
-0.08
0.06
-0.03
0.00
0.08
-0.06
0.04
-0.00
-0.08
0.06
-0.04
0.01
0.07
-0.07
0.04
-0.02
0.00
0.07
-0.05
0.01
-0.15
-0.07
0.05
-0.01
0.30
0.07
-0.05
0.02
-0.45
-0.07
0.05
-0.02
0.40
0.07
-0.06
0.03
-0.04
-0.08
0.06
-0.03
0.00
0.08
-0.06
0.03
-0.01
-0.08
0.06
-0.04
0.01
0.07
-0.07
0.04
-0.01
-0.06
0.07
-0.05
0.01
-0.11
-0.07
0.05
-0.01
0.23
0.07
-0.05
0.02
-0.39
-0.08
0.05
-0.03
0.47
0.08
-0.06
0.03
-0.21
-0.08
0.06
-0.03
0.00
0.08
-0.06
0.03
-0.01
-0.09
0.06
-0.04
0.00
0.08
-0.06
0.04
-0.01
-0.07
0.07
-0.05
0.01
-0.06
-0.07
0.05
-0.01
0.20
0.07
-0.05
0.01
-0.34
-0.07
0.05
-0.02
0.47
0.07
-0.05
0.03
-0.36
-0.08
0.06
-0.03
0.03
0.08
-0.06
0.03
0.00
-0.08
0.06
-0.04
0.00
0.08
-0.06
0.04
-0.01
-0.08
0.07
-0.04
0.01
0.03
-0.07
0.05
-0.01
0.13
0.07
-0.05
0.01
-0.27
-0.08
0.05
-0.02
0.43
0.07
-0.06
0.03
-0.46
-0.08
0.06
-0.02
0.21
0.07
-0.06
0.03
-0.00
-0.08
0.06
-0.04
0.00
0.08
-0.06
0.04
-0.00
-0.08
0.06
-0.05
0.01
0.06
-0.07
0.04
-0.01
0.09
0.07
-0.05
0.01
-0.24
-0.07
0.05
-0.02
0.40
0.07
-0.05
0.02
-0.48
-0.08
0.05
-0.02
0.27
0.07
-0.06
0.03
-0.00
-0.08
0.06
-0.04
0.00
0.08
-0.06
0.04
-0.01
-0.08
0.06
-0.04
0.01
0.07
-0.07
0.04
-0.01
0.06
0.07
-0.05
0.01
-0.21
-0.07
0.05
-0.02
0.34
0.07
-0.05
0.02
-0.46
-0.08
0.06
-0.02
0.36
0.07
-0.06
0.03
-0.01
-0.08
0.06
-0.04
-0.00
0.09
-0.06
0.03
-0.00
-0.08
0.06
-0.04
0.00
0.07
-0.07
0.04
-0.01
0.04
0.07
-0.05
0.01
-0.18
-0.07
0.04
-0.02
0.30
0.07
-0.05
0.02
-0.46
-0.08
0.05
-0.02
0.40
0.07
-0.06
0.03
-0.05
-0.08
0.06
-0.03
0.00
0.08
-0.06
0.04
-0.00
-0.08
0.06
-0.04
0.00
0.07
-0.07
0.04
-0.01
-0.02
0.07
-0.05
0.01
-0.13
-0.07
0.05
-0.01
0.26
0.07
-0.05
0.02
-0.41
-0.08
0.05
-0.03
0.47
0.07
-0.06
0.03
-0.17
-0.08
0.06
-0.03
-0.00
0.08
-0.06
0.03
-0.01
-0.09
0.06
-0.04
0.01
0.08
-0.06
0.04
-0.0